9.000000000000000000e+01
8.400000000000000000e+01
8.200000000000000000e+01
8.000000000000000000e+01
7.700000000000000000e+01
7.000000000000000000e+01
6.900000000000000000e+01
6.800000000000000000e+01
6.600000000000000000e+01
6.500000000000000000e+01
8.900000000000000000e+01
8.800000000000000000e+01
8.700000000000000000e+01
8.600000000000000000e+01
8.500000000000000000e+01
8.300000000000000000e+01
8.100000000000000000e+01
7.900000000000000000e+01
7.800000000000000000e+01
7.600000000000000000e+01
7.500000000000000000e+01
7.400000000000000000e+01
7.300000000000000000e+01
7.200000000000000000e+01
7.100000000000000000e+01
6.700000000000000000e+01
5.700000000000000000e+01
5.600000000000000000e+01
5.500000000000000000e+01
5.400000000000000000e+01
5.300000000000000000e+01
5.100000000000000000e+01
5.000000000000000000e+01
4.800000000000000000e+01
5.200000000000000000e+01
4.900000000000000000e+01
8.200000000000000000e+01
8.000000000000000000e+01
7.700000000000000000e+01
6.800000000000000000e+01
6.600000000000000000e+01
6.500000000000000000e+01
9.000000000000000000e+01
8.900000000000000000e+01
8.800000000000000000e+01
8.700000000000000000e+01
8.600000000000000000e+01
8.500000000000000000e+01
8.400000000000000000e+01
8.300000000000000000e+01
8.100000000000000000e+01
7.900000000000000000e+01
7.800000000000000000e+01
7.600000000000000000e+01
7.500000000000000000e+01
7.400000000000000000e+01
7.300000000000000000e+01
7.200000000000000000e+01
7.100000000000000000e+01
7.000000000000000000e+01
6.900000000000000000e+01
6.700000000000000000e+01
5.200000000000000000e+01
4.900000000000000000e+01
5.700000000000000000e+01
5.600000000000000000e+01
5.500000000000000000e+01
5.400000000000000000e+01
5.300000000000000000e+01
5.100000000000000000e+01
5.000000000000000000e+01
4.800000000000000000e+01
9.000000000000000000e+01
8.900000000000000000e+01
8.800000000000000000e+01
8.700000000000000000e+01
8.600000000000000000e+01
8.500000000000000000e+01
8.400000000000000000e+01
8.300000000000000000e+01
8.200000000000000000e+01
8.100000000000000000e+01
8.000000000000000000e+01
7.900000000000000000e+01
7.800000000000000000e+01
7.700000000000000000e+01
7.600000000000000000e+01
7.500000000000000000e+01
7.400000000000000000e+01
7.300000000000000000e+01
7.200000000000000000e+01
7.100000000000000000e+01
7.000000000000000000e+01
6.900000000000000000e+01
6.800000000000000000e+01
6.700000000000000000e+01
6.600000000000000000e+01
6.500000000000000000e+01
4.900000000000000000e+01
5.700000000000000000e+01
5.600000000000000000e+01
5.500000000000000000e+01
5.400000000000000000e+01
5.300000000000000000e+01
5.200000000000000000e+01
5.100000000000000000e+01
5.000000000000000000e+01
4.800000000000000000e+01
9.000000000000000000e+01
8.900000000000000000e+01
8.800000000000000000e+01
8.700000000000000000e+01
8.600000000000000000e+01
8.500000000000000000e+01
8.400000000000000000e+01
8.200000000000000000e+01
8.000000000000000000e+01
7.800000000000000000e+01
7.700000000000000000e+01
7.600000000000000000e+01
7.500000000000000000e+01
7.400000000000000000e+01
7.300000000000000000e+01
7.200000000000000000e+01
7.000000000000000000e+01
6.900000000000000000e+01
6.800000000000000000e+01
6.600000000000000000e+01
6.500000000000000000e+01
8.300000000000000000e+01
8.100000000000000000e+01
7.900000000000000000e+01
7.100000000000000000e+01
6.700000000000000000e+01
5.500000000000000000e+01
5.100000000000000000e+01
5.000000000000000000e+01
4.900000000000000000e+01
5.700000000000000000e+01
5.600000000000000000e+01
5.400000000000000000e+01
5.300000000000000000e+01
5.200000000000000000e+01
4.800000000000000000e+01
8.200000000000000000e+01
8.000000000000000000e+01
7.700000000000000000e+01
6.800000000000000000e+01
6.600000000000000000e+01
6.500000000000000000e+01
9.000000000000000000e+01
8.900000000000000000e+01
8.800000000000000000e+01
8.700000000000000000e+01
8.600000000000000000e+01
8.500000000000000000e+01
8.400000000000000000e+01
8.300000000000000000e+01
8.100000000000000000e+01
7.900000000000000000e+01
7.800000000000000000e+01
7.600000000000000000e+01
7.500000000000000000e+01
7.400000000000000000e+01
7.300000000000000000e+01
7.200000000000000000e+01
7.100000000000000000e+01
7.000000000000000000e+01
6.900000000000000000e+01
6.700000000000000000e+01
5.500000000000000000e+01
5.300000000000000000e+01
5.200000000000000000e+01
5.700000000000000000e+01
5.600000000000000000e+01
5.400000000000000000e+01
5.100000000000000000e+01
5.000000000000000000e+01
4.900000000000000000e+01
4.800000000000000000e+01
50.0
57.0
71.0
49.0
51.0
76.0
65.0
83.0
84.0
66.0
85.0
71.0
50.0
57.0
71.0
49.0
51.0
76.0
65.0
83.0
84.0
66.0
85.0
71.0
50.0
57.0
71.0
49.0
51.0
76.0
65.0
83.0
84.0
66.0
85.0
71.0
49.0
57.0
65.0
49.0
50.0
51.0
52.0
53.0
50.0
57.0
71.0
49.0
51.0
76.0
65.0
83.0
84.0
66.0
85.0
71.0
49.0
56.0
65.0
49.0
50.0
51.0
52.0
53.0
50.0
57.0
71.0
49.0
51.0
76.0
65.0
83.0
84.0
66.0
85.0
71.0
49.0
56.0
65.0
49.0
50.0
51.0
52.0
53.0
50.0
57.0
71.0
49.0
51.0
76.0
65.0
83.0
84.0
66.0
85.0
71.0
49.0
56.0
65.0
49.0
50.0
51.0
52.0
53.0
77.0
69.0
71.0
77.0
69.0
71.0
77.0
69.0
71.0
77.0
69.0
71.0
53.0
49.0
70.0
56.0
56.0
57.0
56.0
55.0
54.0
65.0
48.0
55.0
50.0
57.0
67.0
49.0
57.0
50.0
57.0
65.0
49.0
55.0
57.0
51.0
56.0
50.0
57.0
65.0
49.0
55.0
57.0
51.0
56.0
50.0
57.0
75.0
54.0
52.0
52.0
65.0
49.0
53.0
51.0
84.0
68.0
51.0
48.0
69.0
57.0
50.0
50.0
57.0
49.0
52.0
51.0
65.0
50.0
55.0
50.0
48.0
56.0
65.0
79.0
69.0
52.0
56.0
52.0
53.0
76.0
65.0
83.0
84.0
66.0
85.0
71.0
53.0
49.0
65.0
53.0
49.0
65.0
51.0
48.0
71.0
57.0
57.0
57.0
57.0
57.0
53.0
49.0
72.0
49.0
56.0
56.0
56.0
56.0
53.0
49.0
72.0
49.0
56.0
56.0
56.0
56.0
53.0
49.0
72.0
49.0
56.0
53.0
49.0
72.0
49.0
56.0
51.0
48.0
77.0
48.0
48.0
48.0
48.0
49.0
51.0
48.0
77.0
48.0
48.0
48.0
48.0
49.0
77.0
69.0
71.0
77.0
69.0
71.0
